221 0002630 0002854 SG12
221 0020437 0020639 SG12
221 0034243 0034514 SG12
221 0035300 0035511 ASF4
221 0053102 0053332 ASF4
221 0112316 0112323 PA11
221 0133424 0133643 ASF4
221 0151256 0151448 ASF4
221 0170158 0170335 SG12
221 0184013 0184235 SG12
221 0201831 0202037 SG12
221 0205731 0205754 PA11
221 0215609 0215838 SG12
221 0233348 0233618 SG12
221 1011146 1011354 SG12
221 1024951 1025204 SG12
221 1042841 1043032 SG12
221 1043827 1044031 ASF4
221 1061638 1061648 ASF4
221 1120845 1120851 PA11
221 1141943 1142140 ASF4
221 1174706 1174936 SG12
221 1192544 1192746 SG12
221 1210333 1210555 SG12
221 1214223 1214238 PA11
221 1224112 1224342 SG12
221 2001856 2002122 SG12
221 2015702 2015904 SG12
221 2033507 2033738 SG12
221 2034532 2034723 ASF4
221 2052331 2052557 ASF4
221 2132724 2132905 ASF4
221 2150514 2150710 ASF4
221 2165430 2165545 SG12
221 2183236 2183500 SG12
221 2201058 2201302 SG12
221 2214835 2215104 SG12
221 2232616 2232846 SG12
221 3010410 3010622 SG12
221 3024217 3024425 SG12
221 3042049 3042257 SG12
221 3043044 3043303 ASF4
221 3060851 3060949 ASF4
221 3141212 3141407 ASF4
221 3155108 3155144 ASF4
221 3173931 3174155 SG12
221 3191808 3192011 SG12
221 3205601 3205820 SG12
221 3213440 3213451 PA11
221 3223338 3223608 SG12
221 4001121 4001348 SG12
221 4014929 4015127 SG12
221 4032729 4033000 SG12
221 4033814 4033925 ASF4
221 4051602 4051819 ASF4
221 4132019 4132125 ASF4
221 4145718 4145931 ASF4
221 4164707 4164750 SG12
221 4182458 4182725 SG12
221 4200323 4200527 SG12
221 4214102 4214330 SG12
221 4231842 4232112 SG12
221 5005633 5005850 SG12
221 5023442 5023649 SG12
221 5041307 5041523 SG12
221 5042305 5042531 ASF4
221 5060110 5060257 ASF4
221 5115317 5115328 PA11
221 5140417 5140640 ASF4
221 5154259 5154437 ASF4
221 5173155 5173415 SG12
221 5191032 5191236 SG12
221 5204827 5205045 SG12
221 5222606 5222836 SG12
221 6000348 6000616 SG12
221 6014152 6014354 SG12
221 6031953 6032223 SG12
221 6050832 6051039 ASF4
221 6131311 6131341 ASF4
221 6144940 6145149 ASF4
221 6181719 6181950 SG12
221 6195551 6195751 SG12
221 6213330 6213557 SG12
221 6231109 6231338 SG12
221 7004858 7005117 SG12
221 7022707 7022911 SG12
221 7040525 7040748 SG12
221 7041526 7041756 ASF4
221 7055331 7055547 ASF4
221 7135642 7135910 ASF4
221 7153507 7153711 ASF4
221 7172419 7172635 SG12
221 7190254 7190501 SG12
221 7204055 7204310 SG12
221 7211937 7211950 PA11
221 7221832 7222102 SG12
221 7235614 7235843 SG12
221 8013416 8013620 SG12
221 8031217 8031445 SG12
221 8045141 8045244 SG12
221 8050100 8050303 ASF4
221 8144206 8144410 ASF4
221 8180941 8181214 SG12
221 8194816 8195016 SG12
221 8212556 8212823 SG12
221 8230335 8230605 SG12
221 9004124 9004344 SG12
221 9021932 9022135 SG12
221 9035745 9040012 SG12
221 9040750 9041021 ASF4
221 9054554 9054819 ASF4
221 9113822 9113824 PA11
221 9134907 9135137 ASF4
221 9152722 9152943 ASF4
221 9171646 9171852 SG12
221 9185516 9185727 SG12
221 9203322 9203533 SG12
221 9221100 9221329 SG12
221 9234840 9235109 SG12
221 10012641 10012847 SG12
221 10030443 10030706 SG12
221 10044350 10044519 SG12
221 10045325 10045526 ASF4
221 10143433 10143633 ASF4
221 10180205 10180436 SG12
221 10194039 10194241 SG12
221 10211824 10212048 SG12
221 10225603 10225833 SG12
221 11003349 11003612 SG12
221 11021157 11021359 SG12
221 11035006 11035237 SG12
221 11040015 11040241 ASF4
221 11053819 11054049 ASF4
221 11113034 11113041 PA11
221 11134136 11134403 ASF4
221 11151941 11152209 ASF4
221 11170914 11171107 SG12
221 11184737 11184954 SG12
221 11202549 11202757 SG12
221 11210412 11210420 PA11
221 11220325 11220555 SG12
221 11234107 11234337 SG12
221 12011906 12012113 SG12
221 12025708 12025928 SG12
221 12043603 12043748 SG12
221 12044550 12044750 ASF4
221 12121523 12121532 PA11
221 12142658 12142856 ASF4
221 12175427 12175659 SG12
221 12193304 12193506 SG12
221 12211050 12211315 SG12
221 12214942 12214947 PA11
221 12224829 12225059 SG12
221 13002615 13002838 SG12
221 13020422 13020624 SG12
221 13034228 13034501 SG12
221 13035244 13035458 ASF4
221 13053046 13053317 ASF4
221 13112253 13112303 PA11
221 13133408 13133628 ASF4
221 13151203 13151433 ASF4
221 13170142 13170322 SG12
221 13183958 13184220 SG12
221 13201815 13202022 SG12
221 13205708 13205715 PA11
221 13215553 13215823 SG12
221 13233333 13233603 SG12
221 14011130 14011339 SG12
221 14024934 14025149 SG12
221 14042817 14043017 SG12
221 14043812 14044019 ASF4
221 14061626 14061643 ASF4
221 14120819 14120831 PA11
221 14141920 14142126 ASF4
221 14174651 14174921 SG12
221 14192529 14192730 SG12
221 14210318 14210540 SG12
221 14214203 14214205 PA11
221 14224057 14224327 SG12
221 15001840 15002106 SG12
221 15015647 15015849 SG12
221 15033451 15033722 SG12
221 15034516 15034709 ASF4
221 15052315 15052542 ASF4
221 15132641 15132852 ASF4
221 15150427 15150657 ASF4
221 15165412 15165533 SG12
221 15183221 15183445 SG12
221 15201043 15201247 SG12
221 15214819 15215049 SG12
221 15232600 15232830 SG12
221 16010355 16010607 SG12
221 16024201 16024410 SG12
221 16042034 16042242 SG12
221 16043031 16043247 ASF4
221 16060838 16060936 ASF4
221 16141141 16141355 ASF4
221 16155103 16155120 ASF4
221 16173916 16174142 SG12
221 16191752 16191956 SG12
221 16205544 16205804 SG12
221 16223322 16223553 SG12
221 17001106 17001332 SG12
221 17014912 17015113 SG12
221 17032714 17032946 SG12
221 17033756 17033914 ASF4
221 17051545 17051806 ASF4
221 17131929 17132112 ASF4
221 17145655 17145918 ASF4
221 17164648 17164738 SG12
221 17182443 17182710 SG12
221 17200308 17200511 SG12
221 17214047 17214314 SG12
221 17231826 17232056 SG12
221 18005619 18005835 SG12
221 18023426 18023634 SG12
221 18041251 18041508 SG12
221 18042249 18042516 ASF4
221 18060055 18060232 ASF4
221 18115253 18115306 PA11
221 18140402 18140625 ASF4
221 18154246 18154419 ASF4
221 18173140 18173400 SG12
221 18191017 18191221 SG12
221 18204812 18205030 SG12
221 18222550 18222821 SG12
221 19000333 19000600 SG12
221 19014137 19014339 SG12
221 19031938 19032208 SG12
221 19050816 19051025 ASF4
221 19131231 19131327 ASF4
221 19144924 19145136 ASF4
221 19181704 19181934 SG12
221 19195534 19195736 SG12
221 19213313 19213542 SG12
221 19231054 19231324 SG12
221 20004844 20005101 SG12
221 20022651 20022856 SG12
221 20040510 20040734 SG12
221 20041511 20041741 ASF4
221 20055316 20055531 ASF4
221 20114553 20114553 PA11
221 20135627 20135854 ASF4
221 20153455 20153655 ASF4
221 20172405 20172620 SG12
221 20190239 20190446 SG12
221 20204040 20204255 SG12
221 20221816 20222046 SG12
221 20235559 20235826 SG12
221 21013401 21013605 SG12
221 21031203 21031430 SG12
221 21045130 21045228 SG12
221 21050045 21050248 ASF4
221 21130528 21130534 ASF4
221 21144150 21144356 ASF4
221 21180928 21181159 SG12
221 21194801 21195001 SG12
221 21212540 21212807 SG12
221 21230320 21230550 SG12
221 22004109 22004329 SG12
221 22021917 22022120 SG12
221 22035730 22035957 SG12
221 22040735 22041005 ASF4
221 22054540 22054804 ASF4
221 22113754 22113805 PA11
221 22134852 22135122 ASF4
221 22152709 22152927 ASF4
221 22171630 22171837 SG12
221 22185502 22185713 SG12
221 22203306 22203519 SG12
221 22221044 22221314 SG12
221 22234824 22235054 SG12
221 23012626 23012832 SG12
221 23030427 23030651 SG12
221 23044336 23044503 SG12
221 23045310 23045510 ASF4
221 23143418 23143618 ASF4
221 23180149 23180421 SG12
221 23194025 23194226 SG12
221 23211808 23212033 SG12
221 23225547 23225818 SG12
221 24003334 24003557 SG12
221 24021142 24021344 SG12
221 24034951 24035221 SG12
221 24040000 24040226 ASF4
221 24053805 24054033 ASF4
221 24113008 24113020 PA11
221 24134120 24134348 ASF4
221 24151926 24152154 ASF4
221 24170858 24171054 SG12
221 24184723 24184939 SG12
221 24202534 24202742 SG12
221 24220310 24220540 SG12
221 24234052 24234321 SG12
221 25011850 25012058 SG12
221 25025653 25025914 SG12
221 25043549 25043733 SG12
221 25044535 25044735 ASF4
221 25121457 25121508 PA11
221 25142643 25142843 ASF4
221 25175413 25175644 SG12
221 25193250 25193451 SG12
221 25211034 25211258 SG12
221 25224813 25225044 SG12
221 26002600 26002823 SG12
221 26020407 26020609 SG12
221 26034213 26034446 SG12
221 26035228 26035443 ASF4
221 26053031 26053301 ASF4
221 26112226 26112241 PA11
221 26133350 26133613 ASF4
221 26151147 26151419 ASF4
221 26170127 26170308 SG12
221 26183945 26184204 SG12
221 26201800 26202006 SG12
221 26215538 26215807 SG12
221 26233317 26233547 SG12
221 27011115 27011323 SG12
221 27024920 27025135 SG12
221 27042803 27043001 SG12
221 27043757 27044003 ASF4
221 27061616 27061620 ASF4
221 27120748 27120812 PA11
221 27141904 27142109 ASF4
221 27174636 27174906 SG12
221 27192516 27192715 SG12
221 27210302 27210523 SG12
221 27224041 27224311 SG12
221 28001825 28002051 SG12
221 28015632 28015834 SG12
221 28033437 28033708 SG12
221 28034500 28034656 ASF4
221 28052300 28052526 ASF4
221 28111525 28111531 PA11
221 28132625 28132837 ASF4
221 28150412 28150642 ASF4
221 28165356 28165520 SG12
221 28183206 28183430 SG12
221 28201027 28201231 SG12
221 28214804 28215033 SG12
221 28232545 28232815 SG12
221 29010339 29010551 SG12
221 29024146 29024357 SG12
221 29042019 29042227 SG12
221 29043017 29043231 ASF4
221 29060824 29060906 ASF4
221 29120041 29120056 PA11
221 29141126 29141338 ASF4
221 29173900 29174127 SG12
221 29191738 29191940 SG12
221 29205529 29205750 SG12
221 29223307 29223537 SG12
221 30001050 30001317 SG12
221 30014858 30015058 SG12
221 3003270-1 30032931 SG12
221 30033738 30033900 ASF4
221 30051529 30051750 ASF4
221 30131901 30132057 ASF4
221 30145638 30145903 ASF4
221 30164633 30164726 SG12
221 30182427 30182655 SG12
221 30200253 30200456 SG12
221 30214032 30214259 SG12
221 30231811 30232041 SG12
221 31005604 31005819 SG12
221 31023411 31023618 SG12
221 31041237 31041454 SG12
221 31042235 31042458 ASF4
221 31060041 31060156 ASF4
221 31115223 31115246 PA11
221 31140347 31140609 ASF4
221 31154235 31154400 ASF4
221 31173125 31173345 SG12
221 31191002 31191205 SG12
221 31204756 31205013 SG12
221 31222535 31222804 SG12
221 32000317 32000545 SG12
221 32014123 32014324 SG12
221 32031923 32032153 SG12
221 32050801 32051011 ASF4
221 32131204 32131314 ASF4
221 32144907 32145121 ASF4
221 32181649 32181919 SG12
221 32195520 32195721 SG12
221 32213259 32213526 SG12
221 32231038 32231307 SG12
221 33004829 33005046 SG12
221 33022636 33022842 SG12
221 33040457 33040717 SG12
221 33041456 33041725 ASF4
221 33055301 33055446 ASF4
221 33114519 33114535 PA11
221 33135611 33135838 ASF4
221 33153441 33153640 ASF4
221 33172350 33172605 SG12
221 33190224 33190430 SG12
221 33204024 33204239 SG12
221 33221801 33222031 SG12
221 33235543 33235810 SG12
221 34013346 34013549 SG12
221 34031147 34031415 SG12
221 34045118 34045209 SG12
221 34050029 34050233 ASF4
221 34130513 34130523 ASF4
221 34144135 34144341 ASF4
221 34180913 34181143 SG12
221 34194746 34194945 SG12
221 34212525 34212751 SG12
221 34230304 34230534 SG12
221 35004054 35004313 SG12
221 35021902 35022104 SG12
221 35035717 35035942 SG12
221 35040720 35040950 ASF4
221 35054525 35054741 ASF4
221 35113724 35113744 PA11
221 35134836 35135107 ASF4
221 35152654 35152910 ASF4
221 35171615 35171822 SG12
221 35185447 35185655 SG12
221 35203251 35203502 SG12
221 35221029 35221258 SG12
221 35234809 35235038 SG12
221 36012610 36012816 SG12
221 36030412 36030636 SG12
221 36044324 36044445 SG12
221 36045255 36045454 ASF4
221 36143403 36143602 ASF4
221 36180134 36180405 SG12
221 36194010 36194210 SG12
221 36211753 36212017 SG12
221 36225532 36225802 SG12
221 37003318 37003541 SG12
221 37021128 37021328 SG12
222 0012821 0013025 SG12
222 0030628 0030834 SG12
222 0044519 0044700 SG12
222 0045505 0045702 ASF4
222 0072137 0072328 TR4
222 0085908 0090137 TR4
222 0122357 0122445 PA11
222 0135056 0135224 TR4
222 0143613 0143810 ASF4
222 0152807 0152921 TR4
222 0180341 0180612 SG12
222 0194218 0194418 SG12
222 0212004 0212227 SG12
222 0215902 0220015 PA11
222 1003528 1003752 SG12
222 1021337 1021536 SG12
222 1035143 1035413 SG12
222 1040156 1040410 ASF4
222 1080658 1080835 TR4
222 1094428 1094607 TR4
222 1113055 1113235 PA11
222 1143523 1143747 TR4
222 1152118 1152348 ASF4
222 1161322 1161325 TR4
222 1161331 1161513 TR4
222 1171057 1171234 SG12
222 1184912 1185132 SG12
222 1202730 1202934 SG12
222 1210612 1210720 PA11
222 1220707 1220735 SG12
222 1234451 1234515 SG12
222 2012045 2012252 SG12
222 2025852 2030059 SG12
222 2043733 2043928 SG12
222 2044726 2044930 ASF4
222 2071557 2071558 TR4
222 2085135 2085406 TR4
222 2121555 2121745 PA11
222 2134335 2134444 TR4
222 2142835 2143039 ASF4
222 2152034 2152220 TR4
222 2175606 2175833 SG12
222 2193443 2193643 SG12
222 2211230 2211452 SG12
222 2215051 2215216 PA11
222 2225231 2225239 SG12
222 3002753 3003018 SG12
222 3020601 3020801 SG12
222 3034406 3034635 SG12
222 3035429 3035620 ASF4
222 3053227 3053453 ASF4
222 3075917 3080105 TR4
222 3093651 3093840 TR4
222 3112319 3112500 PA11
222 3142753 3143012 TR4
222 3151342 3151609 ASF4
222 3160551 3160634 TR4
222 3170327 3170444 SG12
222 3184134 3184357 SG12
222 3201955 3202159 SG12
222 3215734 3215801 SG12
222 3215905 3220000 SG12
222 3233713 3233742 SG12
222 4011308 4011519 SG12
222 4025116 4025323 SG12
222 4042950 4043154 SG12
222 4043944 4044144 ASF4
222 4084432 4084603 TR4
222 4120811 4121026 PA11
222 4133615 4133701 TR4
222 4142055 4142307 ASF4
222 4151304 4151500 TR4
222 4174830 4175053 SG12
222 4192707 4192907 SG12
222 4210458 4210717 SG12
222 4214309 4214419 PA11
222 4224445 4224504 SG12
222 5002020 5002244 SG12
222 5015827 5020025 SG12
222 5033628 5033859 SG12
222 5034709 5034825 ASF4
222 5052458 5052717 ASF4
222 5075157 5075318 TR4
222 5092915 5093115 TR4
222 5111733 5111739 PA11
222 5142023 5142237 TR4
222 5150616 5150819 ASF4
222 5155820 5160003 TR4
222 5165605 5165647 SG12
222 5183357 5183622 SG12
222 5201222 5201423 SG12
222 5214959 5215226 SG12
222 5232934 5233008 SG12
222 6010532 6010747 SG12
222 6024341 6024545 SG12
222 6042207 6042421 SG12
222 6043204 6043425 ASF4
222 6083652 6083837 TR4
222 6120102 6120302 PA11
222 6141317 6141537 ASF4
222 6150534 6150724 TR4
222 6155206 6155327 ASF4
222 6174053 6174312 SG12
222 6191929 6192132 SG12
222 6205724 6205942 SG12
222 6213522 6213555 PA11
222 6213622 6213656 PA11
222 6223658 6223732 SG12
222 7001245 7001512 SG12
222 7015051 7015251 SG12
222 7032851 7033120 SG12
222 7051728 7051938 ASF4
222 7074414 7074550 TR4
222 7092137 7092348 TR4
222 7141255 7141501 TR4
222 7145840 7150045 ASF4
222 7155053 7155221 TR4
222 7182618 7182846 SG12
222 7200447 7200648 SG12
222 7214227 7214453 SG12
222 7232153 7232234 SG12
222 8005757 8010013 SG12
222 8023606 8023809 SG12
222 8041425 8041644 SG12
222 8042423 8042652 ASF4
222 8082914 8083107 TR4
222 8100717 8100751 TR4
222 8115320 8115505 PA11
222 8140652 8140806 ASF4
222 8145807 8145945 TR4
222 8154411 8154607 ASF4
222 8173318 8173531 SG12
222 8191153 8191357 SG12
222 8204952 8205206 SG12
222 8212748 8212933 PA11
222 8222730 8222744 SG12
222 8222903 8222958 SG12
222 9000511 9000739 SG12
222 9014315 9014516 SG12
222 9032117 9032342 SG12
222 9050050 9050134 SG12
222 9050957 9051159 ASF4
222 9073651 9073804 TR4
222 9091402 9091620 TR4
222 9140528 9140725 TR4
222 9145109 9145302 ASF4
222 9154306 9154356 TR4
222 9181840 9182110 SG12
222 9195713 9195912 SG12
222 9213453 9213718 SG12
222 9221310 9221322 PA11
222 9231407 9231501 SG12
222 10005021 10005241 SG12
222 10022832 10023031 SG12
222 10040711 10040909 SG12
222 10041647 10041916 ASF4
222 10082207 10082308 TR4
222 10095933 10100035 TR4
222 10114601 10114715 PA11
222 10135959 10140034 ASF4
222 10145007 10145128 TR4
222 10153726 10153837 ASF4
222 10162813 10162813 TR4
222 10172545 10172748 SG12
222 10190415 10190622 SG12
222 10204220 10204429 SG12
222 10212020 10212236 PA11
222 10221956 10222225 SG12
222 10235738 11000005 SG12
222 11013546 11013743 SG12
222 11031352 11031603 SG12
222 11045255 11045411 SG12
222 11050222 11050421 ASF4
222 11072907 11073039 TR4
222 11090627 11090850 TR4
222 11135803 11135947 TR4
222 11144416 11144530 ASF4
222 11153537 11153703 TR4
222 11181102 11181332 SG12
222 11194938 11195137 SG12
222 11212721 11212944 SG12
222 11220544 11220645 PA11
222 11230500 11230519 SG12
222 11230617 11230727 SG12
222 12004302 12004508 SG12
222 12022112 12022255 SG12
222 12035929 12040133 SG12
222 12040912 12041135 ASF4
222 12081423 12081544 TR4
222 12095151 12095314 TR4
222 12113837 12113931 PA11
222 12135255 12135301 ASF4
222 12144236 12144416 TR4
222 12152927 12153018 ASF4
222 12162043 12162106 TR4
222 12171811 12172003 SG12
222 12185636 12185850 SG12
222 12203446 12203653 SG12
222 12211300 12211500 PA11
222 12221224 12221451 SG12
222 12235013 12235231 SG12
222 13012813 13013006 SG12
222 13030626 13030818 SG12
222 13044505 13044641 SG12
222 13045447 13045646 ASF4
222 13072305 13072311 TR4
222 13085923 13090059 TR4
222 13122352 13122419 PA11
222 13135039 13135209 TR4
222 13143614 13143740 ASF4
222 13152808 13152940 TR4
222 13180326 13180555 SG12
222 13194203 13194402 SG12
222 13211946 13212209 SG12
222 13215811 13215859 PA11
222 13225726 13225954 SG12
222 14003515 14003734 SG12
222 14021325 14021520 SG12
222 14035127 14035357 SG12
222 14040140 14040353 ASF4
222 14053943 14054045 ASF4
222 14080642 14080819 TR4
222 14094412 14094549 TR4
222 14113109 14113149 PA11
222 14143505 14143657 TR4
222 14152103 14152330 ASF4
222 14161315 14161409 TR4
222 14171039 14171218 SG12
222 14184857 14185115 SG12
222 14202713 14202918 SG12
222 14210549 14210710 PA11
222 14220449 14220716 SG12
222 14234231 14234458 SG12
222 15012028 15012234 SG12
222 15025832 15030047 SG12
222 15043720 15043909 SG12
222 15044708 15044912 ASF4
222 15085158 15085309 TR4
222 15121542 15121726 PA11
222 15134316 15134430 TR4
222 15142819 15143020 ASF4
222 15152017 15152034 TR4
222 15152043 15152157 TR4
222 15175548 15175816 SG12
222 15193427 15193626 SG12
222 15211214 15211434 SG12
222 15215033 15215113 PA11
222 15224953 15225221 SG12
222 16002737 16003000 SG12
222 16020545 16020743 SG12
222 16034349 16034619 SG12
222 16035412 16035605 ASF4
222 16053210 16053437 ASF4
222 16075928 16080023 TR4
222 16093636 16093824 TR4
222 16112339 16112443 PA11
222 16142736 16142934 TR4
222 16151325 16151554 ASF4
222 16160548 16160713 TR4
222 16170311 16170429 SG12
222 16184118 16184340 SG12
222 16201939 16202142 SG12
222 16215717 16215944 SG12
222 16233457 16233724 SG12
222 17011251 17011502 SG12
222 1702510-1 17025305 SG12
222 17042934 17043137 SG12
222 17043928 17044140 ASF4
222 17084417 17084545 TR4
222 17120805 17121010 PA11
222 17133555 17133649 TR4
222 17142040 17142248 ASF4
222 17151248 17151347 TR4
222 17174812 17175037 SG12
222 17192649 17192851 SG12
222 17210440 17210659 SG12
222 17214251 17214317 PA11
222 17224219 17224448 SG12
222 18002002 18002228 SG12
222 18015810 18020008 SG12
222 18033613 18033842 SG12
222 18034649 18034810 ASF4
222 18052440 18052659 ASF4
222 18075142 18075301 TR4
222 18092858 18093058 TR4
222 18142006 18142212 TR4
222 18150552 18150815 ASF4
222 18155804 18155828 TR4
222 18165548 18165634 SG12
222 18183339 18183605 SG12
222 18201204 18201407 SG12
222 18214943 18215210 SG12
222 18232723 18232950 SG12
222 19010516 19010728 SG12
222 19024323 19024529 SG12
222 19042151 19042403 SG12
222 19043146 19043408 ASF4
222 19083637 19083819 TR4
222 19120100 19120157 PA11
222 19132844 19132857 TR4
222 19141301 19141520 ASF4
222 19150518 19150639 TR4
222 19155154 19155307 ASF4
222 19174036 19174255 SG12
222 19191913 19192116 SG12
222 19205708 19205923 SG12
222 19213523 19213640 PA11
222 19223447 19223714 SG12
222 20001229 20001455 SG12
222 20015034 20015234 SG12
222 20032835 20033104 SG12
222 20051710 20051920 ASF4
222 20074432 20074503 TR4
222 20074527 20074535 TR4
222 20092122 20092332 TR4
222 20141239 20141446 TR4
222 20145822 20150028 ASF4
222 20155036 20155134 TR4
222 20182601 20182830 SG12
222 20200430 20200631 SG12
222 20214209 20214435 SG12
222 20231950 20232217 SG12
222 21005741 21005956 SG12
222 21023548 21023751 SG12
222 21041410 21041628 SG12
222 21042407 21042634 ASF4
222 21100703 21100732 TR4
222 21115320 21115448 PA11
222 21140523 21140749 ASF4
222 21145750 21145927 TR4
222 21154357 21154548 ASF4
222 21173302 21173514 SG12
222 21191135 21191341 SG12
222 21204934 21205148 SG12
222 21212732 21212831 PA11
222 21222712 21222941 SG12
222 22000454 22000721 SG12
222 22014258 22014500 SG12
222 22032059 22032325 SG12
222 22050041 22050111 SG12
222 22050938 22051141 ASF4
222 22073639 22073747 TR4
222 22091406 22091554 TR4
222 22140511 22140710 TR4
222 22145047 22145252 ASF4
222 22154310 22154423 TR4
222 22181824 22182052 SG12
222 22195656 22195854 SG12
222 22213437 22213700 SG12
222 22231216 22231443 SG12
222 23005005 23005222 SG12
222 23022813 23023015 SG12
222 23040630 23040852 SG12
222 23041630 23041858 ASF4
222 23082154 23082249 TR4
222 23095918 23100017 TR4
222 23114549 23114657 PA11
222 23135848 23140017 ASF4
222 23145024 23145151 TR4
222 23153609 23153820 ASF4
222 23172527 23172731 SG12
222 23190358 23190606 SG12
222 23204201 23204413 SG12
222 23212004 23212138 PA11
222 23221940 23222207 SG12
222 23235720 23235947 SG12
222 24013522 24013725 SG12
222 24031324 24031547 SG12
222 24045240 24045352 SG12
222 24050206 24050403 ASF4
222 24073008 24073022 TR4
222 24135745 24135932 TR4
222 24144315 24144511 ASF4
222 24153519 24153539 TR4
222 24153549 24153636 TR4
222 24181046 24181316 SG12
222 24194920 24195119 SG12
222 24212702 24212927 SG12
222 24220527 24220558 PA11
222 24230443 24230711 SG12
222 25004230 25004450 SG12
222 25022040 25022237 SG12
222 25035850 25040116 SG12
222 25040855 25041119 ASF4
222 25054659 25054753 ASF4
222 25081408 25081528 TR4
222 25095136 25095256 TR4
222 25113829 25113909 PA11
222 25113916 25113940 PA11
222 25135149 25135243 ASF4
222 25144302 25144409 TR4
222 25152825 25153049 ASF4
222 25171754 25171947 SG12
222 25185619 25185831 SG12
222 25203430 25203637 SG12
222 25211241 25211434 PA11
222 25221205 25221433 SG12
222 25234947 25235214 SG12
222 26012746 26012951 SG12
222 26030549 26030808 SG12
222 26044451 26044624 SG12
222 26045431 26045628 ASF4
222 26085931 26090009 TR4
222 26135020 26135154 TR4
222 26143539 26143738 ASF4
222 26152751 26152839 TR4
222 26180309 26180537 SG12
222 26194146 26194343 SG12
222 26211930 26212152 SG12
222 26215843 26215921 PA11
222 26225709 26225937 SG12
222 27003455 27003716 SG12
222 27021303 27021502 SG12
222 27035111 27035339 SG12
222 27040121 27040337 ASF4
222 27053926 27054154 ASF4
222 27094357 27094532 TR4
222 27113103 27113125 PA11
222 27113133 27113200 PA11
222 27134442 27134508 ASF4
222 27143546 27143621 TR4
222 27152046 27152314 ASF4
222 27171021 27171203 SG12
222 27184841 27185057 SG12
222 27202655 27202901 SG12
222 27210557 27210658 PA11
222 27220433 27220700 SG12
222 27234213 27234440 SG12
222 28012011 28012216 SG12
222 28025814 28030029 SG12
222 28043703 28043853 SG12
222 28044652 28044855 ASF4
222 28085144 28085253 TR4
222 28121531 28121706 PA11
222 28134257 28134415 TR4
222 28142801 28143004 ASF4
222 28152027 28152137 TR4
222 28175532 28175759 SG12
222 28193409 28193608 SG12
222 28211156 28211418 SG12
222 28215111 28215131 PA11
222 28224935 28225203 SG12
222 29002721 29002944 SG12
222 29020527 29020726 SG12
222 29034333 29034602 SG12
222 29035353 29035552 ASF4
222 29053152 29053419 ASF4
222 29075916 29080006 TR4
222 29093621 29093808 TR4
222 29112354 29112424 PA11
222 29142718 29142753 TR4
222 29151308 29151536 ASF4
222 29160532 29160603 TR4
222 29170252 29170413 SG12
222 29184102 29184324 SG12
222 29201921 29202124 SG12
222 29215659 29215925 SG12
222 29233439 29233707 SG12
222 30011236 30011444 SG12
222 30025042 30025250 SG12
222 30042919 30043119 SG12
222 30043913 30044121 ASF4
222 30084401 30084530 TR4
222 30120833 30120951 PA11
222 30133537 30133635 TR4
222 30142023 30142230 ASF4
222 30151304 30151358 TR4
222 30174756 30175019 SG12
222 30192633 30192833 SG12
222 30210424 30210643 SG12
222 30214251 30214344 PA11
222 30224203 30224430 SG12
222 31001946 31002211 SG12
222 31015752 31015951 SG12
222 31033555 31033824 SG12
222 31034630 31034759 ASF4
222 31052421 31052643 ASF4
222 31075225 31075243 TR4
222 31092900 31093038 TR4
222 31141951 31142045 TR4
222 31150533 31150757 ASF4
222 31155808 31155914 TR4
222 31165527 31165620 SG12
222 31183323 31183549 SG12
222 31201148 31201349 SG12
222 31214925 31215151 SG12
222 31232706 31232933 SG12
222 32010458 32010712 SG12
222 32024307 32024511 SG12
222 32042136 32042346 SG12
222 32043130 32043352 ASF4
222 32120052 32120134 PA11
222 32132822 32132848 TR4
222 32141244 32141501 ASF4
222 32150502 32150509 TR4
222 32155143 32155245 ASF4
222 32174020 32174240 SG12
222 32191855 32192058 SG12
222 32205650 32205907 SG12
222 32213507 32213550 PA11
222 32223428 32223657 SG12
222 33001211 33001437 SG12
222 33015017 33015216 SG12
222 33032819 33033046 SG12
222 33051653 33051904 ASF4
222 33074421 33074441 TR4
222 33141223 33141325 TR4
222 33145802 33150017 ASF4
222 33155018 33155029 TR4
222 33155053 33155119 TR4
222 33182544 33182812 SG12
222 33200413 33200613 SG12
222 33214153 33214418 SG12
222 33231932 33232201 SG12
222 34005723 34005938 SG12
222 34023532 34023735 SG12
222 34041353 34041611 SG12
222 34042351 34042618 ASF4
222 34100654 34100711 TR4
222 34115340 34115429 PA11
222 34140507 34140731 ASF4
222 34145734 34145807 TR4
222 34154343 34154528 ASF4
222 34173245 34173458 SG12
222 34191119 34191323 SG12
222 34204917 34205132 SG12
222 34212716 34212725 PA11
222 34212744 34212856 PA11
222 34222656 34222923 SG12
222 35000438 35000703 SG12
222 35014241 35014442 SG12
222 35032043 35032309 SG12
222 35050030 35050049 SG12
222 35050922 35051126 ASF4
222 35073702 35073729 TR4
222 35140456 35140604 TR4
222 35145031 35145234 ASF4
222 35154253 35154324 TR4
222 35181806 35182036 SG12
222 35195638 35195838 SG12
222 35213418 35213644 SG12
222 35231159 35231427 SG12
222 36004947 36005206 SG12
222 36022757 36022959 SG12
222 36040614 36040836 SG12
222 36041612 36041843 ASF4
222 36055418 36055508 ASF4
222 36082140 36082232 TR4
222 36095905 36095959 TR4
222 36114538 36114635 PA11
222 36135732 36135959 ASF4
222 36145007 36145058 TR4
222 36153554 36153801 ASF4
222 36172510 36172717 SG12
222 36190341 36190548 SG12
222 36204145 36204356 SG12
222 36211946 36212044 PA11
222 36221921 36222149 SG12
222 36235704 36235931 SG12
222 37013506 37013709 SG12
222 37031307 37031531 SG12
222 37045227 37045333 SG12
222 37050149 37050346 ASF4
222 37135729 37135839 TR4
222 37144258 37144456 ASF4
222 37153531 37153624 TR4
222 37181030 37181300 SG12
222 37194903 37195103 SG12
222 37212646 37212909 SG12
222 37220509 37220523 PA11
222 37230425 37230654 SG12
223 0002438 0002658 SG12
223 0020246 0020445 SG12
223 0034055 0034322 SG12
223 0035103 0035326 ASF4
223 0052907 0052944 ASF4
223 0075615 0075741 TR4
223 0075755 0075803 TR4
223 0093346 0093511 TR4
223 0112022 0112112 PA11
223 0112203 0112205 PA11
223 0142520 0142613 TR4
223 0151030 0151257 ASF4
223 0170003 0170151 SG12
223 0183824 0184032 SG12
223 0201638 0201844 SG12
223 0205501 0205652 PA11
223 0215414 0215643 SG12
223 0233155 0233423 SG12
223 1010954 1011200 SG12
223 1024756 1025015 SG12
223 1042652 1042833 SG12
223 1043650 1043827 ASF4
223 1070434 1070457 TR4
223 1084134 1084228 TR4
223 1120529 1120613 PA11
223 1133237 1133401 TR4
223 1141746 1141944 ASF4
223 1151007 1151132 TR4
223 1174515 1174745 SG12
223 1192352 1192551 SG12
223 1210138 1210400 SG12
223 1214032 1214130 PA11
223 1223917 1224128 SG12
223 2001703 2001926 SG12
223 2015510 2015709 SG12
223 2033316 2033546 SG12
223 2034332 2034541 ASF4
223 2052135 2052236 ASF4
223 2074900 2075004 TR4
223 2092607 2092747 TR4
223 2111250 2111326 PA11
223 2141752 2141924 TR4
223 2150251 2150521 ASF4
223 2155632 2155650 TR4
223 2165231 2165404 SG12
223 2183045 2183307 SG12
223 2200903 2201109 SG12
223 2204757 2204853 PA11
223 2214641 2214908 SG12
223 2232421 2232650 SG12
223 3010219 3010426 SG12
223 3024022 3024236 SG12
223 3041906 3042101 SG12
223 3042859 3043058 ASF4
223 3083351 3083508 TR4
223 3115732 3115859 PA11
223 3132516 3132622 TR4
223 3141008 3141212 ASF4
223 3150243 3150349 TR4
223 3173739 3174006 SG12
223 3191627 3191808 SG12
223 3205404 3205626 SG12
223 3213252 3213359 PA11
223 3223145 3223319 SG12
223 4000928 4001152 SG12
223 4014735 4014934 SG12
223 4032539 4032810 SG12
223 4033605 4033753 ASF4
223 4051403 4051536 ASF4
223 4074119 4074222 TR4
223 4091829 4092020 TR4
223 4110519 4110605 PA11
223 4110637 4110641 PA11
223 4140940 4141150 TR4
223 4145516 4145743 ASF4
223 4154747 4154904 TR4
223 4164503 4164616 SG12
223 4182307 4182532 SG12
223 4200129 4200334 SG12
223 4213907 4214134 SG12
223 4231648 4231916 SG12
223 5005443 5005654 SG12
223 5023250 5023453 SG12
223 5041122 5041329 SG12
223 5042117 5042257 ASF4
223 5082609 5082742 TR4
223 5114948 5115206 PA11
223 5131757 5131836 TR4
223 5140229 5140441 ASF4
223 5145524 5145640 TR4
223 5154153 5154204 ASF4
223 5173003 5173227 SG12
223 5190840 5191030 SG12
223 5204631 5204850 SG12
223 5212510 5212634 PA11
223 5222410 5222532 SG12
223 6000153 6000420 SG12
223 6014000 6014159 SG12
223 6031802 6032032 SG12
223 6032846 6032954 ASF4
223 6050632 6050851 ASF4
223 6073333 6073458 TR4
223 6091053 6091254 TR4
223 6105841 6105919 PA11
223 6140203 6140414 TR4
223 6144742 6145004 ASF4
223 6154027 6154115 TR4
223 6154122 6154141 TR4
223 6163741 6163818 SG12
223 6181530 6181757 SG12
223 6195356 6195557 SG12
223 6213135 6213402 SG12
223 6230914 6231040 SG12
223 7004706 7004920 SG12
223 7022515 7022719 SG12
223 7040339 7040555 SG12
223 7041335 7041549 ASF4
223 7081830 7082015 TR4
223 7114244 7114440 PA11
223 7135450 7135713 ASF4
223 7144715 7144902 TR4
223 7153335 7153506 ASF4
223 7172226 7172445 SG12
223 7190102 7190308 SG12
223 7203900 7204115 SG12
223 7211723 7211904 PA11
223 7221638 7221749 SG12
223 7235419 7235646 SG12
223 8013224 8013424 SG12
223 8031026 8031253 SG12
223 8045904 8050019 ASF4
223 8072607 8072731 TR4
223 8090318 8090526 TR4
223 8105146 8105149 PA11
223 8135436 8135638 TR4
223 8144013 8144221 ASF4
223 8153233 8153358 TR4
223 8180752 8181020 SG12
223 8194621 8194821 SG12
223 8212400 8212627 SG12
223 8230140 8230248 SG12
223 9003930 9004149 SG12
223 9031739 9031942 SG12
223 9035558 9035820 SG12
223 9040558 9040828 ASF4
223 9081102 9081246 TR4
223 9094857 9094929 TR4
223 9113457 9113645 PA11
223 9134715 9134942 ASF4
223 9143949 9144123 TR4
223 9152541 9152741 ASF4
223 9171451 9171705 SG12
223 9185327 9185533 SG12
223 9203126 9203339 SG12
223 9211007 9211124 PA11
223 9220904 9221007 SG12
223 9234646 9234913 SG12
223 10012449 10012652 SG12
223 10030250 10030515 SG12
223 10044217 10044312 SG12
223 10045130 10045333 ASF4
223 10071827 10071944 TR4
223 10085542 10085758 TR4
223 10134710 10134902 TR4
223 10143238 10143442 ASF4
223 10152509 10152614 TR4
223 10180013 10180244 SG12
223 10193846 10194030 SG12
223 10211628 10211854 SG12
223 10225408 10225459 SG12
223 11003155 11003416 SG12
223 11021005 11021205 SG12
223 11034818 11035044 SG12
223 11035820 11040050 ASF4
223 11080345 11080447 TR4
223 11094111 11094213 TR4
223 11112735 11112856 PA11
223 11133940 11133951 ASF4
223 11143223 11143341 TR4
223 11151755 11152013 ASF4
223 11170718 11170922 SG12
223 11184600 11184747 SG12
223 11202354 11202604 SG12
223 11210201 11210420 PA11
223 11220130 11220227 SG12
223 11233912 11234043 SG12
223 12011713 12011917 SG12
223 12025515 12025738 SG12
223 12043424 12043548 SG12
223 12044412 12044543 ASF4
223 12071043 12071218 TR4
223 12084807 12085028 TR4
223 12133944 12134124 TR4
223 12142504 12142703 ASF4
223 12151716 12151856 TR4
223 12175235 12175508 SG12
223 12193111 12193310 SG12
223 12210854 12211119 SG12
223 12214727 12214759 PA11
223 12224633 12224715 SG12
223 13002420 13002642 SG12
223 13020229 13020429 SG12
223 13034039 13034307 SG12
223 13035045 13035311 ASF4
223 13075600 13075724 TR4
223 13093331 13093452 TR4
223 13111956 13112136 PA11
223 13142435 13142643 TR4
223 13151014 13151240 ASF4
223 13160402 13160418 TR4
223 13165944 13170138 SG12
223 13183809 13183949 SG12
223 13201622 13201802 SG12
223 13205442 13205637 PA11
223 13215358 13215451 SG12
223 13233137 13233241 SG12
223 14010938 14011143 SG12
223 14024740 14024959 SG12
223 14042635 14042817 SG12
223 14043632 14043812 ASF4
223 14070321 14070450 TR4
223 14084043 14084259 TR4
223 14120521 14120604 PA11
223 14133220 14133345 TR4
223 14141729 14141927 ASF4
223 14150949 14151116 TR4
223 14174459 14174729 SG12
223 14192336 14192527 SG12
223 14210122 14210334 SG12
223 14213952 14214020 PA11
223 14223901 14223933 SG12
223 15001645 15001910 SG12
223 15015454 15015654 SG12
223 15033300 15033531 SG12
223 15034314 15034509 ASF4
223 15052117 15052136 ASF4
223 15074820 15074957 TR4
223 15092552 15092728 TR4
223 15111216 15111357 PA11
223 15141646 15141908 TR4
223 15150235 15150505 ASF4
223 15155455 15155635 TR4
223 15165213 15165352 SG12
223 15183030 15183225 SG12
223 15200847 15201036 SG12
223 15204736 15204840 PA11
223 15214623 15214713 SG12
223 15232405 15232448 SG12
223 16010201 16010410 SG12
223 16024006 16024202 SG12
223 16041850 16042046 SG12
223 16042843 16043001 ASF4
223 16065632 16065721 TR4
223 16083320 16083528 TR4
223 16115719 16115904 PA11
223 16132458 16132605 TR4
223 16140952 16141156 ASF4
223 16150224 16150400 TR4
223 16173723 16173922 SG12
223 16191609 16191737 SG12
223 16205348 16205558 SG12
223 16213233 16213346 PA11
223 16223127 16223153 SG12
223 17000912 17001136 SG12
223 17014719 17014919 SG12
223 17032522 17032753 SG12
223 17033546 17033649 ASF4
223 17051345 17051432 ASF4
223 17074041 17074227 TR4
223 17091814 17092002 TR4
223 17110440 17110622 PA11
223 17140915 17141133 TR4
223 17145458 17145727 ASF4
223 17154729 17154849 TR4
223 17154849 17154904 TR4
223 17164444 17164602 SG12
223 17182251 17182501 SG12
223 17200112 17200317 SG12
223 17213851 17213938 SG12
223 17231630 17231701 SG12
223 18005425 18005637 SG12
223 18023234 18023441 SG12
223 18041106 18041312 SG12
223 18042101 18042206 ASF4
223 18064924 18064951 TR4
223 18082554 18082725 TR4
223 18114933 18115147 PA11
223 18131741 18131819 TR4
223 18140213 18140425 ASF4
223 18145427 18145622 TR4
223 18172946 18173159 SG12
223 18190837 18191010 SG12
223 18204616 18204835 SG12
223 18212451 18212619 PA11
223 18222354 18222413 SG12
223 19000138 19000302 SG12
223 19013944 19014124 SG12
223 19031746 19032016 SG12
223 19032825 19032901 ASF4
223 19050616 19050742 ASF4
223 19073318 19073439 TR4
223 19091038 19091235 TR4
223 19105751 19105900 PA11
223 19140147 19140358 TR4
223 19144725 19144947 ASF4
223 19153944 19154125 TR4
223 19163721 19163808 SG12
223 19181513 19181735 SG12
223 19195340 19195543 SG12
223 19213117 19213203 SG12
223 19230858 19230917 SG12
223 20004649 20004904 SG12
223 20022458 20022703 SG12
223 20040324 20040539 SG12
223 20041321 20041511 ASF4
223 20064213 20064218 TR4
223 20081814 20081958 TR4
223 20114154 20114421 PA11
223 20135434 20135655 ASF4
223 20144658 20144846 TR4
223 20153320 20153447 ASF4
223 20172210 20172432 SG12
223 20190046 20190219 SG12
223 20203842 20204100 SG12
223 20211704 20211858 PA11
223 20221620 20221634 SG12
223 20235403 20235457 SG12
223 21013208 21013408 SG12
223 21031010 21031238 SG12
223 21045846 21050057 ASF4
223 21072536 21072712 TR4
223 21090302 21090509 TR4
223 21105114 21105133 PA11
223 21135419 21135622 TR4
223 21143957 21144202 ASF4
223 21153215 21153343 TR4
223 21180736 21181006 SG12
223 21194606 21194806 SG12
223 21212345 21212430 SG12
223 21230124 21230132 SG12
223 22003914 22004133 SG12
223 22021723 22021916 SG12
223 22035542 22035804 SG12
223 22040541 22040805 ASF4
223 22081036 22081228 TR4
223 22094849 22094904 TR4
223 22113441 22113626 PA11
223 22134657 22134734 ASF4
223 22134920 22134925 ASF4
223 22143931 22144107 TR4
223 22152526 22152725 ASF4
223 22171435 22171650 SG12
223 22185311 22185459 SG12
223 22203109 22203325 SG12
223 22210912 22211133 PA11
223 22220848 22220856 SG12
223 22234629 22234703 SG12
223 23012431 23012635 SG12
223 23030233 23030501 SG12
223 23044203 23044257 SG12
223 23045114 23045234 ASF4
223 23071756 23071944 TR4
223 23071948 23071951 TR4
223 23085525 23085739 TR4
223 23134653 23134844 TR4
223 23143222 23143426 ASF4
223 23152430 23152619 TR4
223 23175958 23180229 SG12
223 23193842 23194019 SG12
223 23211611 23211656 SG12
223 23225351 23225351 SG12
223 24003139 24003359 SG12
223 24021001 24021137 SG12
223 24034802 24035029 SG12
223 24035804 24040035 ASF4
223 24080300 24080459 TR4
223 24094059 24094153 TR4
223 24112659 24112902 PA11
223 24143133 24143400 TR4
223 24151739 24151957 ASF4
223 24161127 24161143 TR4
223 24170702 24170907 SG12
223 24184533 24184737 SG12
223 24202338 24202548 SG12
223 24210145 24210404 PA11
223 24220114 24220118 SG12
223 24233856 24233915 SG12
223 25011657 25011902 SG12
223 25025458 25025716 SG12
223 25043408 25043532 SG12
223 25044355 25044530 ASF4
223 25071027 25071201 TR4
223 25084750 25085011 TR4
223 25133928 25134106 TR4
223 25142448 25142647 ASF4
223 25151700 25151840 TR4
223 25175220 25175453 SG12
223 25193111 25193240 SG12
223 25210838 25210925 SG12
223 25214709 25214900 PA11
223 26002404 26002627 SG12
223 26020214 26020413 SG12
223 26034023 26034251 SG12
223 26035029 26035256 ASF4
223 26075525 26075728 TR4
223 26093316 26093432 TR4
223 26111932 26112118 PA11
223 26142358 26142627 TR4
223 26150958 26151225 ASF4
223 26160207 26160402 TR4
223 26165928 26170124 SG12
223 26183757 26184005 SG12
223 26201604 26201813 SG12
223 26205423 26205622 PA11
223 26215341 26215342 SG12
223 26233121 26233128 SG12
223 27010922 27011036 SG12
223 27024724 27024910 SG12
223 27042621 27042802 SG12
223 27043607 27043737 ASF4
223 27070243 27070433 TR4
223 27084016 27084240 TR4
223 27120518 27120532 PA11
223 27133204 27133327 TR4
223 27141723 27141900 ASF4
223 27150932 27151100 TR4
223 27174444 27174714 SG12
223 27192320 27192449 SG12
223 27210104 27210153 SG12
223 27213934 27214122 PA11
223 28001629 28001727 SG12
223 28015438 28015638 SG12
223 28033245 28033515 SG12
223 28034258 28034514 ASF4
223 28074804 28074938 TR4
223 28092536 28092709 TR4
223 28111201 28111339 PA11
223 28141628 28141852 TR4
223 28150219 28150450 ASF4
223 28155437 28155619 TR4
223 28165157 28165338 SG12
223 28183040 28183211 SG12
223 28200831 28200913 SG12
223 28204715 28204827 PA11
223 29010145 29010353 SG12
223 29023954 29024201 SG12
223 29041835 29042031 SG12
223 29042851 29043013 ASF4
223 29065502 29065703 TR4
223 29065704 29065707 TR4
223 29083241 29083509 TR4
223 29115704 29115758 PA11
223 29132441 29132547 TR4
223 29140936 29141140 ASF4
223 29150141 29150342 TR4
223 29173707 29173936 SG12
223 29191545 29191736 SG12
223 29205332 29205425 SG12
223 29213156 29213350 PA11
223 30000855 30000929 SG12
223 30014719 30014847 SG12
223 30032506 30032739 SG12
223 30033530 30033727 ASF4
223 30051329 30051329 ASF4
223 30074025 30074155 TR4
223 30091758 30091943 TR4
223 30110417 30110520 PA11
223 30140859 30141117 TR4
223 30145442 30145712 ASF4
223 30154657 30154849 TR4
223 30164426 30164550 SG12
223 30182236 30182411 SG12
223 30200057 30200154 SG12
223 31005409 31005621 SG12
223 31023218 31023425 SG12
223 31041051 31041258 SG12
223 31042051 31042238 ASF4
223 31064819 31064858 TR4
223 31082507 31082710 TR4
223 31114917 31115020 PA11
223 31131725 31131803 TR4
223 31140157 31140409 ASF4
223 31145410 31145606 TR4
223 31172930 31173157 SG12
223 31190810 31191010 SG12
223 31204600 31204656 SG12
223 31212431 31212620 PA11
223 32000121 32000138 SG12
223 32013928 32014127 SG12
223 32031730 32032001 SG12
223 32032807 32032933 ASF4
223 32050559 32050629 ASF4
223 32073246 32073415 TR4
223 32091022 32091217 TR4
223 32105637 32105732 PA11
223 32140131 32140340 TR4
223 32144709 32144921 ASF4
223 32153926 32154109 TR4
223 32163702 32163757 SG12
223 32181457 32181651 SG12
223 32195324 32195440 SG12
223 33004634 33004849 SG12
223 33022441 33022624 SG12
223 33040309 33040524 SG12
223 33041338 33041500 ASF4
223 33081736 33081948 TR4
223 33114138 33114335 PA11
223 33135419 33135540 ASF4
223 33135600 33135639 ASF4
223 33144642 33144828 TR4
223 33153307 33153430 ASF4
223 33172154 33172417 SG12
223 33190036 33190233 SG12
223 33203826 33203931 SG12
223 33211648 33211841 PA11
223 33235347 33235348 SG12
223 34013153 34013353 SG12
223 34030954 34031223 SG12
223 34045830 34045955 ASF4
223 34072513 34072707 TR4
223 34090244 34090450 TR4
223 34105106 34105114 PA11
223 34135403 34135604 TR4
223 34143940 34144147 ASF4
223 34153143 34153340 TR4
223 34180721 34180928 SG12
223 34194550 34194738 SG12
223 35003859 35004028 SG12
223 35004059 35004117 SG12
223 35021712 35021907 SG12
223 35035526 35035749 SG12
223 35040527 35040725 ASF4
223 35063418 35063426 TR4
223 35081016 35081231 TR4
223 35113402 35113633 PA11
223 35143845 35144116 TR4
223 35152513 35152709 ASF4
223 35161853 35161907 TR4
223 35171419 35171637 SG12
223 35185320 35185437 SG12
223 35203054 35203211 SG12
223 35210854 35211125 PA11
223 36012417 36012558 SG12
223 36030217 36030426 SG12
223 36044148 36044240 SG12
223 36045059 36045118 ASF4
223 36071740 36071925 TR4
223 36085508 36085722 TR4
223 36134636 36134828 TR4
223 36143206 36143331 ASF4
223 36152412 36152603 TR4
223 36175942 36180205 SG12
223 36193816 36194015 SG12
223 37003124 37003209 SG12
223 37020934 37021133 SG12
223 37034747 37035013 SG12
223 37035749 37040020 ASF4
223 37080242 37080441 TR4
223 37094043 37094133 TR4
223 37112643 37112843 PA11
223 37143113 37143343 TR4
224 0024632 0024756 SG12
224 0042512 0042635 SG12
224 0043503 0043630 ASF4
224 0070116 0070320 TR4
224 0083852 0084116 TR4
224 0133029 0133210 TR4
224 0141559 0141630 ASF4
224 0150747 0150956 TR4
224 0164805 0164822 TR4
224 0174353 0174527 SG12
224 0192218 0192343 SG12
224 0213804 0214005 PA11
224 1015325 1015345 SG12
224 1015345 1015451 SG12
224 1033128 1033236 SG12
224 1034213 1034317 ASF4
224 1060800 1061037 TR4
224 1074617 1074843 TR4
224 1092413 1092541 TR4
224 1111027 1111235 PA11
224 1141501 1141729 TR4
224 1150102 1150240 ASF4
224 1155301 1155507 TR4
224 1165036 1165223 SG12
224 1182917 1183011 SG12
224 1204530 1204721 PA11
224 2023850 2024020 SG12
224 2041725 2041906 SG12
224 2042746 2042836 ASF4
224 2065338 2065545 TR4
224 2083117 2083347 TR4
224 2115557 2115704 PA11
224 2132305 2132433 TR4
224 2140825 2140926 ASF4
224 2150004 2150231 TR4
224 2163953 2164046 TR4
224 2173622 2173743 SG12
224 2191448 2191601 SG12
224 2213029 2213229 PA11
224 3014602 3014722 SG12
224 3032419 3032548 SG12
224 3033405 3033613 ASF4
224 3060241 3060259 TR4
224 3073846 3074105 TR4
224 3091636 3091817 TR4
224 3110255 3110456 PA11
224 3140730 3140956 TR4
224 3145324 3145359 ASF4
224 3154528 3154731 TR4
224 3164304 3164436 SG12
224 3182145 3182313 SG12
224 3203825 3203923 PA11
224 4023110 4023206 SG12
224 4040939 4041134 SG12
224 4041957 4042112 ASF4
224 4064602 4064810 TR4
224 4082342 4082616 TR4
224 4114801 4114956 PA11
224 4131544 4131652 TR4
224 4140042 4140057 ASF4
224 4145229 4145458 TR4
224 4163127 4163307 TR4
224 4172854 4172956 SG12
224 4190720 4190818 SG12
224 4212248 4212458 PA11
224 5013822 5013952 SG12
224 5031636 5031816 SG12
224 5032638 5032823 ASF4
224 5073115 5073327 TR4
224 5090858 5091052 TR4
224 5105518 5105721 PA11
224 5140002 5140221 TR4
224 5144604 5144726 ASF4
224 5153753 5153956 TR4
224 5163537 5163644 SG12
224 5181414 5181531 SG12
224 6022331 6022351 SG12
224 6022353 6022456 SG12
224 6040155 6040359 SG12
224 6041248 6041308 ASF4
224 6063821 6064038 TR4
224 6081610 6081844 TR4
224 6114017 6114237 PA11
224 6130825 6130909 TR4
224 6144454 6144726 TR4
224 6162258 6162529 TR4
224 6172107 6172139 SG12
224 6185926 6185948 SG12
224 6185956 6190031 SG12
224 6211516 6211723 PA11
224 7013043 7013119 SG12
224 7030854 7031022 SG12
224 7031920 7032024 ASF4
224 7072343 7072551 TR4
224 7090122 7090326 TR4
224 7104738 7104949 PA11
224 7135232 7135446 TR4
224 7143822 7143848 ASF4
224 7153018 7153219 TR4
224 7162820 7162844 SG12
224 7180646 7180745 SG12
224 7220218 7220254 PA11
224 8021610 8021727 SG12
224 8035413 8035613 SG12
224 8040446 8040556 ASF4
224 8063041 8063305 TR4
224 8080836 8081110 TR4
224 8113241 8113510 PA11
224 8143720 8143954 TR4
224 8152408 8152536 ASF4
224 8161526 8161750 TR4
224 8171259 8171442 SG12
224 8185155 8185319 SG12
224 8210729 8211002 PA11
224 9012304 9012323 SG12
224 9030114 9030216 SG12
224 9071609 9071815 TR4
224 9085347 9085558 TR4
224 9103954 9104222 PA11
224 9134505 9134710 TR4
224 9143055 9143156 ASF4
224 9152239 9152449 TR4
224 9175923 9175954 SG12
224 9193702 9193703 SG12
224 9215334 9215515 PA11
224 10020828 10020940 SG12
224 10034630 10034817 SG12
224 10035717 10035803 ASF4
224 10062302 10062533 TR4
224 10080104 10080338 TR4
224 10093922 10094005 TR4
224 10112507 10112738 PA11
224 10142948 10143222 TR4
224 10151614 10151813 ASF4
224 10160754 10161010 TR4
224 10170524 10170726 SG12
224 10184426 10184537 SG12
224 10205958 10210228 PA11
224 11011526 11011530 SG12
224 11025335 11025359 SG12
224 11025400 11025508 SG12
224 11043252 11043341 SG12
224 11070836 11071039 TR4
224 11084611 11084830 TR4
224 11103215 11103448 PA11
224 11133739 11133932 TR4
224 11142315 11142319 ASF4
224 11142327 11142455 ASF4
224 11151504 11151715 TR4
224 11175109 11175229 SG12
224 11192931 11192950 SG12
224 11214518 11214732 PA11
224 12020049 12020127 SG12
224 12033851 12034016 SG12
224 12034924 12035051 ASF4
224 12061523 12061758 TR4
224 12075332 12075603 TR4
224 12093139 12093246 TR4
224 12111737 12112002 PA11
224 12142216 12142448 TR4
224 12150828 12151033 ASF4
224 12160020 12160231 TR4
224 12165751 12165951 SG12
224 12183656 12183753 SG12
224 12205230 12205450 PA11
224 13024616 13024737 SG12
224 13042457 13042617 SG12
224 13043444 13043457 ASF4
224 13043611 13043615 ASF4
224 13070101 13070304 TR4
224 13083836 13084100 TR4
224 13133013 13133156 TR4
224 13141543 13141618 ASF4
224 13150730 13150940 TR4
224 13164742 13164806 TR4
224 13174335 13174511 SG12
224 13192200 13192253 SG12
224 13192324 13192325 SG12
224 13213749 13213950 PA11
224 14015310 14015325 SG12
224 14015329 14015432 SG12
224 14033112 14033207 SG12
224 14034211 14034250 ASF4
224 14060745 14061022 TR4
224 14074601 14074828 TR4
224 14092400 14092525 TR4
224 14111011 14111219 PA11
224 14141445 14141715 TR4
224 14150047 14150221 ASF4
224 14155247 14155452 TR4
224 14165017 14165208 SG12
224 14182900 14182913 SG12
224 14182933 14183004 SG12
224 14204511 14204707 PA11
224 15023834 15023951 SG12
224 15041709 15041847 SG12
224 15042726 15042822 ASF4
224 15065323 15065529 TR4
224 15083102 15083329 TR4
224 15115548 15115640 PA11
224 15132249 15132418 TR4
224 15140810 15140913 ASF4
224 15145949 15150215 TR4
224 15163935 15164030 TR4
224 15173604 15173728 SG12
224 15191431 15191545 SG12
224 15213011 15213214 PA11
224 16014546 16014704 SG12
224 16032403 16032529 SG12
224 16033346 16033554 ASF4
224 16060009 16060016 TR4
224 16060150 16060243 TR4
224 16073830 16074050 TR4
224 16091621 16091800 TR4
224 16110240 16110440 PA11
224 16140715 16140940 TR4
224 16145308 16145355 ASF4
224 16154512 16154716 TR4
224 16164246 16164421 SG12
224 16182127 16182238 SG12
224 16203803 16203912 PA11
224 17023054 17023144 SG12
224 17040923 17041115 SG12
224 17041938 17042057 ASF4
224 17064547 17064755 TR4
224 17082327 17082600 TR4
224 17114749 17114937 PA11
224 17131526 17131638 TR4
224 17140026 17140046 ASF4
224 17145212 17145442 TR4
224 17163116 17163252 TR4
224 17172835 17172941 SG12
224 17190701 17190802 SG12
224 17212243 17212435 PA11
224 18013806 18013909 SG12
224 18031620 18031758 SG12
224 18032619 18032810 ASF4
224 18073059 18073313 TR4
224 18090843 18091034 TR4
224 18105503 18105704 PA11
224 18135944 18140205 TR4
224 18144548 18144710 ASF4
224 18153737 18153940 TR4
224 18163518 18163631 SG12
224 18181356 18181515 SG12
224 19022315 19022337 SG12
224 19022337 19022439 SG12
224 19040138 19040343 SG12
224 19041224 19041259 ASF4
224 19063806 19064021 TR4
224 19081554 19081827 TR4
224 19114003 19114220 PA11
224 19130806 19130855 TR4
224 19144439 19144710 TR4
224 19162243 19162515 TR4
224 19172112 19172149 SG12
224 19185910 19185918 SG12
224 19185937 19190016 SG12
224 19211500 19211708 PA11
224 20013025 20013102 SG12
224 20030838 20031000 SG12
224 20031859 20032013 ASF4
224 20072327 20072535 TR4
224 20090107 20090307 TR4
224 20104723 20104931 PA11
224 20135216 20135430 TR4
224 20143806 20143844 ASF4
224 20153003 20153205 TR4
224 20162755 20162834 SG12
224 20180627 20180730 SG12
224 20220208 20220238 PA11
224 21021554 21021709 SG12
224 21035355 21035553 SG12
224 21040427 21040543 ASF4
224 21063026 21063249 TR4
224 21080820 21081055 TR4
224 21113224 21113453 PA11
224 21143704 21143939 TR4
224 21152355 21152517 ASF4
224 21161510 21161736 TR4
224 21171243 21171403 SG12
224 21185138 21185225 SG12
224 21210714 21210945 PA11
224 22012246 22012309 SG12
224 22030058 22030158 SG12
224 22071554 22071800 TR4
224 22085332 22085540 TR4
224 22103940 22104204 PA11
224 22134448 22134653 TR4
224 22143039 22143147 ASF4
224 22152224 22152432 TR4
224 22175901 22175942 SG12
224 22215335 22215459 PA11
224 23020811 23020922 SG12
224 23034615 23034757 SG12
224 23035718 23035740 ASF4
224 23062247 23062516 TR4
224 23080049 23080320 TR4
224 23093911 23093944 TR4
224 23112451 23112722 PA11
224 23142932 23143206 TR4
224 23151559 23151754 ASF4
224 23160738 23160955 TR4
224 23170507 23170654 SG12
224 23184407 23184521 SG12
224 23205941 23210213 PA11
224 24011508 24011518 SG12
224 24025317 24025351 SG12
224 24043237 24043322 SG12
224 24070819 24071022 TR4
224 24084556 24084812 TR4
224 24103200 24103431 PA11
224 24133722 24133917 TR4
224 24142257 24142316 ASF4
224 24151449 24151700 TR4
224 24175050 24175154 SG12
224 24192914 24192928 SG12
224 24214501 24214717 PA11
224 25020031 25020115 SG12
224 25033833 25034001 SG12
224 25034905 25035037 ASF4
224 25061508 25061742 TR4
224 25075317 25075547 TR4
224 25093125 25093226 TR4
224 25111720 25111947 PA11
224 25142159 25142432 TR4
224 25150812 25151019 ASF4
224 25160004 25160215 TR4
224 25165732 25165936 SG12
224 25183639 25183738 SG12
224 25205214 25205437 PA11
224 26024601 26024721 SG12
224 26042442 26042559 SG12
224 26043425 26043425 ASF4
224 26070044 26070247 TR4
224 26083821 26084043 TR4
224 26102425 26102440 PA11
224 26132957 26133139 TR4
224 26141527 26141611 ASF4
224 26150716 26150925 TR4
224 26164731 26164751 TR4
224 26174318 26174452 SG12
224 26192142 26192223 SG12
224 26213730 26213936 PA11
224 27015252 27015314 SG12
224 27033054 27033159 SG12
224 27034148 27034240 ASF4
224 27060730 27061006 TR4
224 27074544 27074810 TR4
224 27092345 27092506 TR4
224 27110953 27111153 PA11
224 27141428 27141657 TR4
224 27150029 27150212 ASF4
224 27155230 27155437 TR4
224 27165000 27165153 SG12
224 27182842 27182851 SG12
224 27182913 27182951 SG12
224 27204452 27204654 PA11
224 28023818 28023938 SG12
224 28041654 28041831 SG12
224 28042705 28042810 ASF4
224 28065308 28065512 TR4
224 28083046 28083313 TR4
224 28115546 28115609 PA11
224 28132233 28132402 TR4
224 28140745 28140750 ASF4
224 28140754 28140913 ASF4
224 28145933 28150157 TR4
224 28163928 28164015 TR4
224 28173547 28173712 SG12
224 28191413 28191530 SG12
224 28213003 28213154 PA11
224 29014515 29014519 SG12
224 29014530 29014647 SG12
224 29032315 29032337 SG12
224 29032346 29032513 SG12
224 29033332 29033515 ASF4
224 29055954 29055955 TR4
224 29060119 29060228 TR4
224 29073814 29074034 TR4
224 29091606 29091742 TR4
224 29110222 29110425 PA11
224 29140659 29140923 TR4
224 29145250 29145355 ASF4
224 29154458 29154700 TR4
224 29164227 29164407 SG12
224 29182110 29182209 SG12
224 29203743 29203901 PA11
224 30023038 30023136 SG12
224 30040907 30041100 SG12
224 30041921 30042042 ASF4
224 30064531 30064739 TR4
224 30082311 30082542 TR4
224 30114736 30114917 PA11
224 30131510 30131621 TR4
224 30140010 30140041 ASF4
224 30145158 30145426 TR4
224 30163118 30163237 TR4
224 30172816 30172928 SG12
224 30190645 30190747 SG12
224 30212227 30212420 PA11
224 31013748 31013909 SG12
224 31031603 31031742 SG12
224 31032600 31032755 ASF4
224 31055440 31055449 TR4
224 31073043 31073256 TR4
224 31090828 31091016 TR4
224 31105449 31105649 PA11
224 31135928 31140148 TR4
224 31144530 31144703 ASF4
224 31153722 31153925 TR4
224 31163458 31163619 SG12
224 31181339 31181500 SG12
224 32022259 32022333 SG12
224 32040122 32040327 SG12
224 32041202 32041248 ASF4
224 32063752 32064005 TR4
224 32081539 32081810 TR4
224 32113949 3211420-1 PA11
224 32130751 32130838 TR4
224 32135228 32135231 ASF4
224 32144423 32144655 TR4
224 32162249 32162500 TR4
224 32172052 32172136 SG12
224 32185851 32185906 SG12
224 32185918 32190001 SG12
224 32211445 32211652 PA11
224 33013009 33013056 SG12
224 33030822 33030951 SG12
224 33031837 33032001 ASF4
224 33072310 33072519 TR4
224 33090052 33090250 TR4
224 33104708 33104914 PA11
224 33135201 33135413 TR4
224 33143750 33143845 ASF4
224 33152947 33153148 TR4
224 33162734 33162825 SG12
224 33180609 33180716 SG12
224 33220206 33220223 PA11
224 34021520 34021531 SG12
224 34021537 34021652 SG12
224 34035339 34035542 SG12
224 34040408 34040529 ASF4
224 34063011 34063233 TR4
224 34080805 34081038 TR4
224 34113208 34113435 PA11
224 34143649 34143922 TR4
224 34152341 34152458 ASF4
224 34161454 34161719 TR4
224 34171226 34171348 SG12
224 34185120 34185210 SG12
224 34210702 34210929 PA11
224 35012230 35012302 SG12
224 35030040 35030153 SG12
224 35071538 35071742 TR4
224 35085316 35085523 TR4
224 35103925 35104147 PA11
224 35134433 35134636 TR4
224 35143023 35143144 ASF4
224 35152215 35152412 TR4
224 35175843 35175928 SG12
224 35193627 35193634 SG12
